,,,,,,,,,Áreas sanitarias. Muertes acumuladas. Solo casos positivos,,,,,,,,,Áreas sanitarias. Muertes diarias. Solo casos positivos,,,,,,,,,Provincias. Muertes acumuladas. Solo casos positivos,,,
Fecha,Territorio,Confirmados,Hospitalizados,Total UCI,Fallecimientos,Curados,Nuevos casos,https://app.powerbi.com/view?r=eyJrIjoiZTkyNTcwNjgtNTQ4Yi00ZTg0LTk1OTctNzM3ZGEzNWE4OTIxIiwidCI6IjNiOTQyN2RjLWQzMGUtNDNiYy04YzA2LWZmNzI1MzY3NmZlYyIsImMiOjh9,Alt Pirineu i Aran,Lleida,Camp de Tarragona,Terres de l'Ebre,Girona,Catalunya Central,Metropolità Sud,Metropolità Nord,Barcelona Ciutat,Alt Pirineu i Aran,Lleida,Camp de Tarragona,Terres de l'Ebre,Girona,Catalunya Central,Metropolità Sud,Metropolità Nord,Barcelona Ciutat,Lleida,Tarragona,Girona,Barcelona
01/03/20,Lleida,,,,0,,,>mapa de calor de defuncions per regió sanitària,0,0,0,0,0,0,0,0,0,0,0,0,0,0,0,0,0,0,0,0,0,0
02/03/20,Lleida,,,,0,,,>solo casos positivos (no sospechosos),0,0,0,0,0,0,1,0,0,0,0,0,0,0,0,1,0,0,0,0,0,1
03/03/20,Lleida,,,,0,,,,0,0,0,0,0,0,1,0,0,0,0,0,0,0,0,0,0,0,0,0,0,1
04/03/20,Lleida,,,,0,,,,0,0,0,0,0,0,2,0,0,0,0,0,0,0,0,1,0,0,0,0,0,2
05/03/20,Lleida,,,,0,,,,0,0,0,0,0,0,2,0,0,0,0,0,0,0,0,0,0,0,0,0,0,2
06/03/20,Lleida,,,,0,,,,0,0,0,0,0,0,2,0,0,0,0,0,0,0,0,0,0,0,0,0,0,2
07/03/20,Lleida,,,,0,,,,0,0,0,0,0,0,2,0,0,0,0,0,0,0,0,0,0,0,0,0,0,2
08/03/20,Lleida,,,,0,,,,0,0,0,0,0,0,2,0,0,0,0,0,0,0,0,0,0,0,0,0,0,2
09/03/20,Lleida,,,,0,,,,0,0,0,0,0,0,2,0,1,0,0,0,0,0,0,0,0,1,0,0,0,3
10/03/20,Lleida,,,,0,,,,0,0,0,0,0,1,2,0,1,0,0,0,0,0,1,0,0,0,0,0,0,4
11/03/20,Lleida,,,,0,,,,0,0,0,0,0,2,2,1,2,0,0,0,0,0,1,0,1,1,0,0,0,7
12/03/20,Lleida,,,,0,,,,0,0,0,0,0,3,3,2,3,0,0,0,0,0,1,1,1,1,0,0,0,11
13/03/20,Lleida,,,,0,,,,0,0,0,0,0,4,7,3,6,0,0,0,0,0,1,4,1,3,0,0,0,20
14/03/20,Lleida,,,,0,,,,0,0,0,0,0,7,10,6,13,0,0,0,0,0,3,3,3,7,0,0,0,36
15/03/20,Lleida,,,,0,,,,0,0,0,0,0,10,11,6,15,0,0,0,0,0,3,1,0,2,0,0,0,42
16/03/20,Lleida,,,,1,,,,0,1,1,0,0,18,11,9,21,0,1,1,0,0,8,0,3,6,1,1,0,59
17/03/20,Lleida,,,,2,,,,1,1,1,0,2,21,13,15,27,1,0,0,0,2,3,2,6,6,2,1,2,76
18/03/20,Lleida,,,,3,,,,1,2,1,0,3,28,20,25,44,0,1,0,0,1,7,7,10,17,3,1,3,117
19/03/20,Lleida,,,,3,,,,1,2,1,1,3,34,31,48,56,0,0,0,1,0,6,11,23,12,3,2,3,169
20/03/20,Lleida,,,,3,,,,1,2,2,1,8,47,47,65,78,0,0,1,0,5,13,16,17,22,3,3,8,237
21/03/20,Lleida,,,,3,,,,1,2,2,1,14,63,61,87,106,0,0,0,0,6,16,14,22,28,3,3,14,317
22/03/20,Lleida,,,,4,,,,1,3,4,1,21,73,78,120,137,0,1,2,0,7,10,17,33,31,4,5,21,408
23/03/20,Lleida,,,,9,,,,2,7,6,1,28,85,104,158,173,1,4,2,0,7,12,26,38,36,9,7,28,520
24/03/20,Lleida,,,,12,,,,3,9,9,1,34,103,130,194,219,1,2,3,0,6,18,26,36,46,12,10,34,646
25/03/20,Lleida,,,,17,,,,3,14,14,2,45,127,167,238,268,0,5,5,1,11,24,37,44,49,17,16,45,800
26/03/20,Lleida,,,,27,,,,4,23,19,2,54,150,204,286,317,1,9,5,0,9,23,37,48,49,27,21,54,957
27/03/20,Lleida,,,,36,,,,5,31,27,2,67,180,243,330,378,1,8,8,0,13,30,39,44,61,36,29,67,1131
28/03/20,Lleida,,,,39,,,,5,34,31,2,78,195,283,375,455,0,3,4,0,11,15,40,45,77,39,33,78,1308
29/03/20,Lleida,,,,46,,,,8,38,38,3,96,215,321,425,512,3,4,7,1,18,20,38,50,57,46,41,96,1473
30/03/20,Lleida,,,,50,,,,9,41,47,4,107,237,367,498,572,1,3,9,1,11,22,46,73,60,50,51,107,1674
31/03/20,Lleida,,,,57,,,,9,48,58,5,115,257,409,555,630,0,7,11,1,8,20,42,57,58,57,63,115,1851
01/04/20,Lleida,,,,65,,,,13,52,61,5,131,301,443,596,689,4,4,3,0,16,44,34,41,59,65,66,131,2029
02/04/20,Lleida,,,,73,,,,14,59,68,7,142,332,481,651,733,1,7,7,2,11,31,38,55,44,73,75,142,2197
03/04/20,Lleida,,,,77,,,,16,61,74,8,158,355,525,701,774,2,2,6,1,16,23,44,50,41,77,82,158,2355
04/04/20,Lleida,,,,79,,,,16,63,79,9,177,376,563,760,812,0,2,5,1,19,21,38,59,38,79,88,177,2511
05/04/20,Lleida,,,,81,,,,16,65,81,10,187,395,596,808,857,0,2,2,1,10,19,33,48,45,81,91,187,2656
06/04/20,Lleida,,,,90,,,,16,74,92,10,199,407,635,867,900,0,9,11,0,12,12,39,59,43,90,102,199,2809
07/04/20,Lleida,,,,94,,,,17,77,102,11,217,427,665,910,947,1,3,10,1,18,20,30,43,47,94,113,217,2949
08/04/20,Lleida,,,,97,,,,18,79,115,11,230,449,714,955,988,1,2,13,0,13,22,49,45,41,97,126,230,3106
09/04/20,Lleida,,,,99,,,,18,81,133,11,242,461,765,998,1030,0,2,18,0,12,12,51,43,42,99,144,242,3254
10/04/20,Lleida,,,,103,,,,19,84,142,11,251,475,808,1050,1067,1,3,9,0,9,14,43,52,37,103,153,251,3400
11/04/20,Lleida,,,,110,,,,20,90,147,12,261,493,841,1104,1110,1,6,5,1,10,18,33,54,43,110,159,261,3548
12/04/20,Lleida,,,,116,,,,20,96,151,12,277,507,864,1142,1157,0,6,4,0,16,14,23,38,47,116,163,277,3670
13/04/20,Lleida,,,,119,,,,20,99,162,12,285,520,892,1182,1185,0,3,11,0,8,13,28,40,28,119,174,285,3779
14/04/20,Lleida,,,,123,,,,21,102,181,13,293,531,921,1215,1223,1,3,19,1,8,11,29,33,38,123,194,293,3890
15/04/20,Lleida,,,,124,,,,21,103,189,13,301,543,952,1255,1262,0,1,8,0,8,12,31,40,39,124,202,301,4012
16/04/20,Lleida,,,,126,,,,21,105,205,13,310,559,969,1303,1295,0,2,16,0,9,16,17,48,33,126,218,310,4126
17/04/20,Lleida,,,,130,,,,21,109,209,14,331,575,998,1337,1336,0,4,4,1,21,16,29,34,41,130,223,331,4246
18/04/20,Lleida,,,,135,,,,22,113,213,14,347,595,1021,1370,1366,1,4,4,0,16,20,23,33,30,135,227,347,4352
19/04/20,Lleida,,,,139,,,,22,117,219,14,350,614,1046,1405,1401,0,4,6,0,3,19,25,35,35,139,233,350,4466
20/04/20,Lleida,,,,147,,,,22,125,224,14,361,620,1069,1434,1424,0,8,5,0,11,6,23,29,23,147,238,361,4547
21/04/20,Lleida,,,,153,,,,22,131,232,14,367,625,1098,1463,1460,0,6,8,0,6,5,29,29,36,153,246,367,4646
22/04/20,Lleida,,,,158,,,,22,136,239,14,381,633,1118,1487,1484,0,5,7,0,14,8,20,24,24,158,253,381,4722
23/04/20,Lleida,,,,162,,,,22,140,244,14,389,638,1140,1510,1504,0,4,5,0,8,5,22,23,20,162,258,389,4792
24/04/20,Lleida,,,,166,,,,22,144,247,14,399,648,1157,1529,1537,0,4,3,0,10,10,17,19,33,166,261,399,4871
25/04/20,Lleida,,,,166,,,,22,144,251,14,410,657,1174,1546,1568,0,0,4,0,11,9,17,17,31,166,265,410,4945
26/04/20,Lleida,,,,167,,,,22,145,251,14,424,669,1186,1565,1595,0,1,0,0,14,12,12,19,27,167,265,424,5015
27/04/20,Lleida,,,,169,,,,23,146,257,15,431,676,1202,1583,1612,1,1,6,1,7,7,16,18,17,169,272,431,5073
28/04/20,Lleida,,,,172,,,,23,149,260,15,441,687,1209,1601,1642,0,3,3,0,10,11,7,18,30,172,275,441,5139
29/04/20,Lleida,,,,172,,,,23,149,261,15,447,698,1224,1624,1664,0,0,1,0,6,11,15,23,22,172,276,447,5210
30/04/20,Lleida,,,,172,,,,23,149,265,15,455,705,1237,1643,1680,0,0,4,0,8,7,13,19,16,172,280,455,5265
01/05/20,Lleida,,,,175,,,,23,152,266,15,462,708,1253,1652,1703,0,3,1,0,7,3,16,9,23,175,281,462,5316
02/05/20,Lleida,,,,175,,,,23,152,267,15,469,711,1264,1668,1721,0,0,1,0,7,3,11,16,18,175,282,469,5364
03/05/20,Lleida,,,,177,,,,23,154,267,15,480,716,1277,1683,1734,0,2,0,0,11,5,13,15,13,177,282,480,5410
04/05/20,Lleida,,,,179,,,,23,156,270,15,488,721,1281,1694,1750,0,2,3,0,8,5,4,11,16,179,285,488,5446
05/05/20,Lleida,,,,180,,,,23,157,271,15,498,726,1292,1706,1765,0,1,1,0,10,5,11,12,15,180,286,498,5489
06/05/20,Lleida,,,,180,,,,23,157,272,15,503,729,1299,1714,1776,0,0,1,0,5,3,7,8,11,180,287,503,5518
07/05/20,Lleida,,,,180,,,,23,157,273,15,515,730,1304,1724,1789,0,0,1,0,12,1,5,10,13,180,288,515,5547
08/05/20,Lleida,,,,180,,,,23,157,274,15,516,731,1305,1731,1790,0,0,1,0,1,1,1,7,1,180,289,516,5557
01/03/20,Tarragona,,,,0,,,,,,,,,,,,,,,,,,,,,,,,,
02/03/20,Tarragona,,,,0,,,,,,,,,,,,,,,,,,,,,,,,,
03/03/20,Tarragona,,,,0,,,,,,,,,,,,,,,,,,,,,,,,,
04/03/20,Tarragona,,,,0,,,,,,,,,,,,,,,,,,,,,,,,,
05/03/20,Tarragona,,,,0,,,,,,,,,,,,,,,,,,,,,,,,,
06/03/20,Tarragona,,,,0,,,,,,,,,,,,,,,,,,,,,,,,,
07/03/20,Tarragona,,,,0,,,,,,,,,,,,,,,,,,,,,,,,,
08/03/20,Tarragona,,,,0,,,,,,,,,,,,,,,,,,,,,,,,,
09/03/20,Tarragona,,,,0,,,,,,,,,,,,,,,,,,,,,,,,,
10/03/20,Tarragona,,,,0,,,,,,,,,,,,,,,,,,,,,,,,,
11/03/20,Tarragona,,,,0,,,,,,,,,,,,,,,,,,,,,,,,,
12/03/20,Tarragona,,,,0,,,,,,,,,,,,,,,,,,,,,,,,,
13/03/20,Tarragona,,,,0,,,,,,,,,,,,,,,,,,,,,,,,,
14/03/20,Tarragona,,,,0,,,,,,,,,,,,,,,,,,,,,,,,,
15/03/20,Tarragona,,,,0,,,,,,,,,,,,,,,,,,,,,,,,,
16/03/20,Tarragona,,,,1,,,,,,,,,,,,,,,,,,,,,,,,,
17/03/20,Tarragona,,,,1,,,,,,,,,,,,,,,,,,,,,,,,,
18/03/20,Tarragona,,,,1,,,,,,,,,,,,,,,,,,,,,,,,,
19/03/20,Tarragona,,,,2,,,,,,,,,,,,,,,,,,,,,,,,,
20/03/20,Tarragona,,,,3,,,,,,,,,,,,,,,,,,,,,,,,,
21/03/20,Tarragona,,,,3,,,,,,,,,,,,,,,,,,,,,,,,,
22/03/20,Tarragona,,,,5,,,,,,,,,,,,,,,,,,,,,,,,,
23/03/20,Tarragona,,,,7,,,,,,,,,,,,,,,,,,,,,,,,,
24/03/20,Tarragona,,,,10,,,,,,,,,,,,,,,,,,,,,,,,,
25/03/20,Tarragona,,,,16,,,,,,,,,,,,,,,,,,,,,,,,,
26/03/20,Tarragona,,,,21,,,,,,,,,,,,,,,,,,,,,,,,,
27/03/20,Tarragona,,,,29,,,,,,,,,,,,,,,,,,,,,,,,,
28/03/20,Tarragona,,,,33,,,,,,,,,,,,,,,,,,,,,,,,,
29/03/20,Tarragona,,,,41,,,,,,,,,,,,,,,,,,,,,,,,,
30/03/20,Tarragona,,,,51,,,,,,,,,,,,,,,,,,,,,,,,,
31/03/20,Tarragona,,,,63,,,,,,,,,,,,,,,,,,,,,,,,,
01/04/20,Tarragona,,,,66,,,,,,,,,,,,,,,,,,,,,,,,,
02/04/20,Tarragona,,,,75,,,,,,,,,,,,,,,,,,,,,,,,,
03/04/20,Tarragona,,,,82,,,,,,,,,,,,,,,,,,,,,,,,,
04/04/20,Tarragona,,,,88,,,,,,,,,,,,,,,,,,,,,,,,,
05/04/20,Tarragona,,,,91,,,,,,,,,,,,,,,,,,,,,,,,,
06/04/20,Tarragona,,,,102,,,,,,,,,,,,,,,,,,,,,,,,,
07/04/20,Tarragona,,,,113,,,,,,,,,,,,,,,,,,,,,,,,,
08/04/20,Tarragona,,,,126,,,,,,,,,,,,,,,,,,,,,,,,,
09/04/20,Tarragona,,,,144,,,,,,,,,,,,,,,,,,,,,,,,,
10/04/20,Tarragona,,,,153,,,,,,,,,,,,,,,,,,,,,,,,,
11/04/20,Tarragona,,,,159,,,,,,,,,,,,,,,,,,,,,,,,,
12/04/20,Tarragona,,,,163,,,,,,,,,,,,,,,,,,,,,,,,,
13/04/20,Tarragona,,,,174,,,,,,,,,,,,,,,,,,,,,,,,,
14/04/20,Tarragona,,,,194,,,,,,,,,,,,,,,,,,,,,,,,,
15/04/20,Tarragona,,,,202,,,,,,,,,,,,,,,,,,,,,,,,,
16/04/20,Tarragona,,,,218,,,,,,,,,,,,,,,,,,,,,,,,,
17/04/20,Tarragona,,,,223,,,,,,,,,,,,,,,,,,,,,,,,,
18/04/20,Tarragona,,,,227,,,,,,,,,,,,,,,,,,,,,,,,,
19/04/20,Tarragona,,,,233,,,,,,,,,,,,,,,,,,,,,,,,,
20/04/20,Tarragona,,,,238,,,,,,,,,,,,,,,,,,,,,,,,,
21/04/20,Tarragona,,,,246,,,,,,,,,,,,,,,,,,,,,,,,,
22/04/20,Tarragona,,,,253,,,,,,,,,,,,,,,,,,,,,,,,,
23/04/20,Tarragona,,,,258,,,,,,,,,,,,,,,,,,,,,,,,,
24/04/20,Tarragona,,,,261,,,,,,,,,,,,,,,,,,,,,,,,,
25/04/20,Tarragona,,,,265,,,,,,,,,,,,,,,,,,,,,,,,,
26/04/20,Tarragona,,,,265,,,,,,,,,,,,,,,,,,,,,,,,,
27/04/20,Tarragona,,,,272,,,,,,,,,,,,,,,,,,,,,,,,,
28/04/20,Tarragona,,,,275,,,,,,,,,,,,,,,,,,,,,,,,,
29/04/20,Tarragona,,,,276,,,,,,,,,,,,,,,,,,,,,,,,,
30/04/20,Tarragona,,,,280,,,,,,,,,,,,,,,,,,,,,,,,,
01/05/20,Tarragona,,,,281,,,,,,,,,,,,,,,,,,,,,,,,,
02/05/20,Tarragona,,,,282,,,,,,,,,,,,,,,,,,,,,,,,,
03/05/20,Tarragona,,,,282,,,,,,,,,,,,,,,,,,,,,,,,,
04/05/20,Tarragona,,,,285,,,,,,,,,,,,,,,,,,,,,,,,,
05/05/20,Tarragona,,,,286,,,,,,,,,,,,,,,,,,,,,,,,,
06/05/20,Tarragona,,,,287,,,,,,,,,,,,,,,,,,,,,,,,,
07/05/20,Tarragona,,,,288,,,,,,,,,,,,,,,,,,,,,,,,,
08/05/20,Tarragona,,,,289,,,,,,,,,,,,,,,,,,,,,,,,,
01/03/20,Girona,,,,0,,,,,,,,,,,,,,,,,,,,,,,,,
02/03/20,Girona,,,,0,,,,,,,,,,,,,,,,,,,,,,,,,
03/03/20,Girona,,,,0,,,,,,,,,,,,,,,,,,,,,,,,,
04/03/20,Girona,,,,0,,,,,,,,,,,,,,,,,,,,,,,,,
05/03/20,Girona,,,,0,,,,,,,,,,,,,,,,,,,,,,,,,
06/03/20,Girona,,,,0,,,,,,,,,,,,,,,,,,,,,,,,,
07/03/20,Girona,,,,0,,,,,,,,,,,,,,,,,,,,,,,,,
08/03/20,Girona,,,,0,,,,,,,,,,,,,,,,,,,,,,,,,
09/03/20,Girona,,,,0,,,,,,,,,,,,,,,,,,,,,,,,,
10/03/20,Girona,,,,0,,,,,,,,,,,,,,,,,,,,,,,,,
11/03/20,Girona,,,,0,,,,,,,,,,,,,,,,,,,,,,,,,
12/03/20,Girona,,,,0,,,,,,,,,,,,,,,,,,,,,,,,,
13/03/20,Girona,,,,0,,,,,,,,,,,,,,,,,,,,,,,,,
14/03/20,Girona,,,,0,,,,,,,,,,,,,,,,,,,,,,,,,
15/03/20,Girona,,,,0,,,,,,,,,,,,,,,,,,,,,,,,,
16/03/20,Girona,,,,0,,,,,,,,,,,,,,,,,,,,,,,,,
17/03/20,Girona,,,,2,,,,,,,,,,,,,,,,,,,,,,,,,
18/03/20,Girona,,,,3,,,,,,,,,,,,,,,,,,,,,,,,,
19/03/20,Girona,,,,3,,,,,,,,,,,,,,,,,,,,,,,,,
20/03/20,Girona,,,,8,,,,,,,,,,,,,,,,,,,,,,,,,
21/03/20,Girona,,,,14,,,,,,,,,,,,,,,,,,,,,,,,,
22/03/20,Girona,,,,21,,,,,,,,,,,,,,,,,,,,,,,,,
23/03/20,Girona,,,,28,,,,,,,,,,,,,,,,,,,,,,,,,
24/03/20,Girona,,,,34,,,,,,,,,,,,,,,,,,,,,,,,,
25/03/20,Girona,,,,45,,,,,,,,,,,,,,,,,,,,,,,,,
26/03/20,Girona,,,,54,,,,,,,,,,,,,,,,,,,,,,,,,
27/03/20,Girona,,,,67,,,,,,,,,,,,,,,,,,,,,,,,,
28/03/20,Girona,,,,78,,,,,,,,,,,,,,,,,,,,,,,,,
29/03/20,Girona,,,,96,,,,,,,,,,,,,,,,,,,,,,,,,
30/03/20,Girona,,,,107,,,,,,,,,,,,,,,,,,,,,,,,,
31/03/20,Girona,,,,115,,,,,,,,,,,,,,,,,,,,,,,,,
01/04/20,Girona,,,,131,,,,,,,,,,,,,,,,,,,,,,,,,
02/04/20,Girona,,,,142,,,,,,,,,,,,,,,,,,,,,,,,,
03/04/20,Girona,,,,158,,,,,,,,,,,,,,,,,,,,,,,,,
04/04/20,Girona,,,,177,,,,,,,,,,,,,,,,,,,,,,,,,
05/04/20,Girona,,,,187,,,,,,,,,,,,,,,,,,,,,,,,,
06/04/20,Girona,,,,199,,,,,,,,,,,,,,,,,,,,,,,,,
07/04/20,Girona,,,,217,,,,,,,,,,,,,,,,,,,,,,,,,
08/04/20,Girona,,,,230,,,,,,,,,,,,,,,,,,,,,,,,,
09/04/20,Girona,,,,242,,,,,,,,,,,,,,,,,,,,,,,,,
10/04/20,Girona,,,,251,,,,,,,,,,,,,,,,,,,,,,,,,
11/04/20,Girona,,,,261,,,,,,,,,,,,,,,,,,,,,,,,,
12/04/20,Girona,,,,277,,,,,,,,,,,,,,,,,,,,,,,,,
13/04/20,Girona,,,,285,,,,,,,,,,,,,,,,,,,,,,,,,
14/04/20,Girona,,,,293,,,,,,,,,,,,,,,,,,,,,,,,,
15/04/20,Girona,,,,301,,,,,,,,,,,,,,,,,,,,,,,,,
16/04/20,Girona,,,,310,,,,,,,,,,,,,,,,,,,,,,,,,
17/04/20,Girona,,,,331,,,,,,,,,,,,,,,,,,,,,,,,,
18/04/20,Girona,,,,347,,,,,,,,,,,,,,,,,,,,,,,,,
19/04/20,Girona,,,,350,,,,,,,,,,,,,,,,,,,,,,,,,
20/04/20,Girona,,,,361,,,,,,,,,,,,,,,,,,,,,,,,,
21/04/20,Girona,,,,367,,,,,,,,,,,,,,,,,,,,,,,,,
22/04/20,Girona,,,,381,,,,,,,,,,,,,,,,,,,,,,,,,
23/04/20,Girona,,,,389,,,,,,,,,,,,,,,,,,,,,,,,,
24/04/20,Girona,,,,399,,,,,,,,,,,,,,,,,,,,,,,,,
25/04/20,Girona,,,,410,,,,,,,,,,,,,,,,,,,,,,,,,
26/04/20,Girona,,,,424,,,,,,,,,,,,,,,,,,,,,,,,,
27/04/20,Girona,,,,431,,,,,,,,,,,,,,,,,,,,,,,,,
28/04/20,Girona,,,,441,,,,,,,,,,,,,,,,,,,,,,,,,
29/04/20,Girona,,,,447,,,,,,,,,,,,,,,,,,,,,,,,,
30/04/20,Girona,,,,455,,,,,,,,,,,,,,,,,,,,,,,,,
01/05/20,Girona,,,,462,,,,,,,,,,,,,,,,,,,,,,,,,
02/05/20,Girona,,,,469,,,,,,,,,,,,,,,,,,,,,,,,,
03/05/20,Girona,,,,480,,,,,,,,,,,,,,,,,,,,,,,,,
04/05/20,Girona,,,,488,,,,,,,,,,,,,,,,,,,,,,,,,
05/05/20,Girona,,,,498,,,,,,,,,,,,,,,,,,,,,,,,,
06/05/20,Girona,,,,503,,,,,,,,,,,,,,,,,,,,,,,,,
07/05/20,Girona,,,,515,,,,,,,,,,,,,,,,,,,,,,,,,
08/05/20,Girona,,,,516,,,,,,,,,,,,,,,,,,,,,,,,,
01/03/20,Barcelona,,,,0,,,,,,,,,,,,,,,,,,,,,,,,,
02/03/20,Barcelona,,,,1,,,,,,,,,,,,,,,,,,,,,,,,,
03/03/20,Barcelona,,,,1,,,,,,,,,,,,,,,,,,,,,,,,,
04/03/20,Barcelona,,,,2,,,,,,,,,,,,,,,,,,,,,,,,,
05/03/20,Barcelona,,,,2,,,,,,,,,,,,,,,,,,,,,,,,,
06/03/20,Barcelona,,,,2,,,,,,,,,,,,,,,,,,,,,,,,,
07/03/20,Barcelona,,,,2,,,,,,,,,,,,,,,,,,,,,,,,,
08/03/20,Barcelona,,,,2,,,,,,,,,,,,,,,,,,,,,,,,,
09/03/20,Barcelona,,,,3,,,,,,,,,,,,,,,,,,,,,,,,,
10/03/20,Barcelona,,,,4,,,,,,,,,,,,,,,,,,,,,,,,,
11/03/20,Barcelona,,,,7,,,,,,,,,,,,,,,,,,,,,,,,,
12/03/20,Barcelona,,,,11,,,,,,,,,,,,,,,,,,,,,,,,,
13/03/20,Barcelona,,,,20,,,,,,,,,,,,,,,,,,,,,,,,,
14/03/20,Barcelona,,,,36,,,,,,,,,,,,,,,,,,,,,,,,,
15/03/20,Barcelona,,,,42,,,,,,,,,,,,,,,,,,,,,,,,,
16/03/20,Barcelona,,,,59,,,,,,,,,,,,,,,,,,,,,,,,,
17/03/20,Barcelona,,,,76,,,,,,,,,,,,,,,,,,,,,,,,,
18/03/20,Barcelona,,,,117,,,,,,,,,,,,,,,,,,,,,,,,,
19/03/20,Barcelona,,,,169,,,,,,,,,,,,,,,,,,,,,,,,,
20/03/20,Barcelona,,,,237,,,,,,,,,,,,,,,,,,,,,,,,,
21/03/20,Barcelona,,,,317,,,,,,,,,,,,,,,,,,,,,,,,,
22/03/20,Barcelona,,,,408,,,,,,,,,,,,,,,,,,,,,,,,,
23/03/20,Barcelona,,,,520,,,,,,,,,,,,,,,,,,,,,,,,,
24/03/20,Barcelona,,,,646,,,,,,,,,,,,,,,,,,,,,,,,,
25/03/20,Barcelona,,,,800,,,,,,,,,,,,,,,,,,,,,,,,,
26/03/20,Barcelona,,,,957,,,,,,,,,,,,,,,,,,,,,,,,,
27/03/20,Barcelona,,,,1131,,,,,,,,,,,,,,,,,,,,,,,,,
28/03/20,Barcelona,,,,1308,,,,,,,,,,,,,,,,,,,,,,,,,
29/03/20,Barcelona,,,,1473,,,,,,,,,,,,,,,,,,,,,,,,,
30/03/20,Barcelona,,,,1674,,,,,,,,,,,,,,,,,,,,,,,,,
31/03/20,Barcelona,,,,1851,,,,,,,,,,,,,,,,,,,,,,,,,
01/04/20,Barcelona,,,,2029,,,,,,,,,,,,,,,,,,,,,,,,,
02/04/20,Barcelona,,,,2197,,,,,,,,,,,,,,,,,,,,,,,,,
03/04/20,Barcelona,,,,2355,,,,,,,,,,,,,,,,,,,,,,,,,
04/04/20,Barcelona,,,,2511,,,,,,,,,,,,,,,,,,,,,,,,,
05/04/20,Barcelona,,,,2656,,,,,,,,,,,,,,,,,,,,,,,,,
06/04/20,Barcelona,,,,2809,,,,,,,,,,,,,,,,,,,,,,,,,
07/04/20,Barcelona,,,,2949,,,,,,,,,,,,,,,,,,,,,,,,,
08/04/20,Barcelona,,,,3106,,,,,,,,,,,,,,,,,,,,,,,,,
09/04/20,Barcelona,,,,3254,,,,,,,,,,,,,,,,,,,,,,,,,
10/04/20,Barcelona,,,,3400,,,,,,,,,,,,,,,,,,,,,,,,,
11/04/20,Barcelona,,,,3548,,,,,,,,,,,,,,,,,,,,,,,,,
12/04/20,Barcelona,,,,3670,,,,,,,,,,,,,,,,,,,,,,,,,
13/04/20,Barcelona,,,,3779,,,,,,,,,,,,,,,,,,,,,,,,,
14/04/20,Barcelona,,,,3890,,,,,,,,,,,,,,,,,,,,,,,,,
15/04/20,Barcelona,,,,4012,,,,,,,,,,,,,,,,,,,,,,,,,
16/04/20,Barcelona,,,,4126,,,,,,,,,,,,,,,,,,,,,,,,,
17/04/20,Barcelona,,,,4246,,,,,,,,,,,,,,,,,,,,,,,,,
18/04/20,Barcelona,,,,4352,,,,,,,,,,,,,,,,,,,,,,,,,
19/04/20,Barcelona,,,,4466,,,,,,,,,,,,,,,,,,,,,,,,,
20/04/20,Barcelona,,,,4547,,,,,,,,,,,,,,,,,,,,,,,,,
21/04/20,Barcelona,,,,4646,,,,,,,,,,,,,,,,,,,,,,,,,
22/04/20,Barcelona,,,,4722,,,,,,,,,,,,,,,,,,,,,,,,,
23/04/20,Barcelona,,,,4792,,,,,,,,,,,,,,,,,,,,,,,,,
24/04/20,Barcelona,,,,4871,,,,,,,,,,,,,,,,,,,,,,,,,
25/04/20,Barcelona,,,,4945,,,,,,,,,,,,,,,,,,,,,,,,,
26/04/20,Barcelona,,,,5015,,,,,,,,,,,,,,,,,,,,,,,,,
27/04/20,Barcelona,,,,5073,,,,,,,,,,,,,,,,,,,,,,,,,
28/04/20,Barcelona,,,,5139,,,,,,,,,,,,,,,,,,,,,,,,,
29/04/20,Barcelona,,,,5210,,,,,,,,,,,,,,,,,,,,,,,,,
30/04/20,Barcelona,,,,5265,,,,,,,,,,,,,,,,,,,,,,,,,
01/05/20,Barcelona,,,,5316,,,,,,,,,,,,,,,,,,,,,,,,,
02/05/20,Barcelona,,,,5364,,,,,,,,,,,,,,,,,,,,,,,,,
03/05/20,Barcelona,,,,5410,,,,,,,,,,,,,,,,,,,,,,,,,
04/05/20,Barcelona,,,,5446,,,,,,,,,,,,,,,,,,,,,,,,,
05/05/20,Barcelona,,,,5489,,,,,,,,,,,,,,,,,,,,,,,,,
06/05/20,Barcelona,,,,5518,,,,,,,,,,,,,,,,,,,,,,,,,
07/05/20,Barcelona,,,,5547,,,,,,,,,,,,,,,,,,,,,,,,,
08/05/20,Barcelona,,,,5557,,,,,,,,,,,,,,,,,,,,,,,,,